<?xml version="1.0"?>
<opencv_storage>
<CameraMatrix type_id="opencv-matrix">
  <rows>3</rows>
  <cols>3</cols>
  <dt>d</dt>
  <data>
    4.8293811725373973e+02 0. 3.2798947990073702e+02 0.
    4.8511289197834640e+02 2.3170724322976088e+02 0. 0. 1.</data></CameraMatrix>
<DistortionCoeffs type_id="opencv-matrix">
  <rows>5</rows>
  <cols>1</cols>
  <dt>d</dt>
  <data>
    -3.6828926249487454e-01 1.5957696860718013e-01
    1.4976964645608106e-03 6.3912633679987657e-04 0.</data></DistortionCoeffs>
</opencv_storage>
