%YAML:1.0
---
calibration_time: "Wed Feb 24 15:49:22 2021"
image_width: 644
image_height: 486
board_width: 8
board_height: 6
square_size: 115.
flags: 0
camera_matrix: !!opencv-matrix
   rows: 3
   cols: 3
   dt: d
   data: [ 4.8114500037279100e+02, 0., 3.2845788745796841e+02, 0.,
       4.8319680135529609e+02, 2.3389753839122866e+02, 0., 0., 1. ]
distortion_coefficients: !!opencv-matrix
   rows: 5
   cols: 1
   dt: d
   data: [ -3.5786353780132057e-01, 1.4568194715811328e-01,
       1.9704476736921451e-04, 3.5653832136995961e-04, 0. ]
avg_reprojection_error: 4.6621098933210668e+01
image_points: !!opencv-matrix
   rows: 30
   cols: 48
   dt: "2f"
   data: [ 3.18281677e+02, 2.56703674e+02, 3.46947723e+02,
       2.57138214e+02, 3.72921478e+02, 2.57556702e+02, 3.96546387e+02,
       2.57744904e+02, 4.17817200e+02, 2.58045746e+02, 4.37165924e+02,
       2.58292908e+02, 4.54515778e+02, 2.58470734e+02, 4.70402008e+02,
       2.58607147e+02, 3.20319672e+02, 2.94299622e+02, 3.48985535e+02,
       2.92899567e+02, 3.75131958e+02, 2.91599640e+02, 3.98623322e+02,
       2.90448761e+02, 4.20061127e+02, 2.89127625e+02, 4.39320465e+02,
       2.87931030e+02, 4.56733246e+02, 2.86897491e+02, 4.72458252e+02,
       2.85808411e+02, 3.22223602e+02, 3.31641418e+02, 3.50935852e+02,
       3.28730133e+02, 3.76948669e+02, 3.25788971e+02, 4.00551361e+02,
       3.22965332e+02, 4.21846741e+02, 3.20342133e+02, 4.41187714e+02,
       3.17713043e+02, 4.58503845e+02, 3.15408051e+02, 4.74350586e+02,
       3.13061737e+02, 3.24155365e+02, 3.68555725e+02, 3.52658417e+02,
       3.64041595e+02, 3.78606750e+02, 3.59606995e+02, 4.02216003e+02,
       3.55327545e+02, 4.23416321e+02, 3.51252502e+02, 4.42553589e+02,
       3.47319519e+02, 4.59928192e+02, 3.43646271e+02, 4.75599030e+02,
       3.40233215e+02, 3.26027954e+02, 4.04438385e+02, 3.54425537e+02,
       3.98435791e+02, 3.80136047e+02, 3.92560516e+02, 4.03472260e+02,
       3.86945038e+02, 4.24564880e+02, 3.81551880e+02, 4.43667664e+02,
       3.76407806e+02, 4.60833710e+02, 3.71523956e+02, 4.76525055e+02,
       3.66867706e+02, 3.27784515e+02, 4.39084412e+02, 3.55823853e+02,
       4.31636536e+02, 3.81344055e+02, 4.24544128e+02, 4.04476227e+02,
       4.17627411e+02, 4.25422943e+02, 4.11064148e+02, 4.44391541e+02,
       4.04627747e+02, 4.61560577e+02, 3.98654053e+02, 4.77157532e+02,
       3.93115936e+02, 2.85663361e+02, 2.56260864e+02, 3.17676239e+02,
       2.57401245e+02, 3.49608337e+02, 2.58370850e+02, 3.81786133e+02,
       2.59251923e+02, 4.14063873e+02, 2.59969788e+02, 4.45515320e+02,
       2.60905762e+02, 4.76058380e+02, 2.61459869e+02, 5.05888092e+02,
       2.62012482e+02, 2.84732117e+02, 2.88390320e+02, 3.16584686e+02,
       2.89653076e+02, 3.48562042e+02, 2.90765747e+02, 3.80721680e+02,
       2.91637482e+02, 4.13196167e+02, 2.92413361e+02, 4.44554108e+02,
       2.92899872e+02, 4.75198700e+02, 2.93316071e+02, 5.04984650e+02,
       2.93634155e+02, 2.83802917e+02, 3.19937561e+02, 3.15566193e+02,
       3.21600708e+02, 3.47503998e+02, 3.22922272e+02, 3.79680939e+02,
       3.23859772e+02, 4.11802795e+02, 3.24612579e+02, 4.43255920e+02,
       3.25042999e+02, 4.73941650e+02, 3.25337036e+02, 5.03509735e+02,
       3.25010468e+02, 2.83229584e+02, 3.51446808e+02, 3.14516266e+02,
       3.52971161e+02, 3.46431122e+02, 3.54575195e+02, 3.78424561e+02,
       3.55547821e+02, 4.10222260e+02, 3.56128998e+02, 4.41673737e+02,
       3.56433533e+02, 4.72245331e+02, 3.56347412e+02, 5.01721161e+02,
       3.55724792e+02, 2.82558838e+02, 3.81644928e+02, 3.13781189e+02,
       3.83703400e+02, 3.45333832e+02, 3.85250061e+02, 3.77044434e+02,
       3.86349335e+02, 4.08528442e+02, 3.86825714e+02, 4.39593353e+02,
       3.86992096e+02, 4.70008575e+02, 3.86625397e+02, 4.99226044e+02,
       3.85696686e+02, 2.82398438e+02, 4.11078644e+02, 3.12946106e+02,
       4.13116882e+02, 3.44197632e+02, 4.14697052e+02, 3.75500641e+02,
       4.15978485e+02, 4.06620575e+02, 4.16453308e+02, 4.37369171e+02,
       4.16451477e+02, 4.67498230e+02, 4.15725220e+02, 4.96478058e+02,
       4.14728699e+02, 3.02890625e+02, 2.54664230e+02, 3.24165375e+02,
       2.56322449e+02, 3.47218689e+02, 2.57883881e+02, 3.72295898e+02,
       2.59568420e+02, 3.98881226e+02, 2.61384552e+02, 4.27925354e+02,
       2.63417450e+02, 4.58387665e+02, 2.65385529e+02, 4.90572540e+02,
       2.67494324e+02, 3.00191345e+02, 2.82761841e+02, 3.21282776e+02,
       2.85448730e+02, 3.44232849e+02, 2.88312469e+02, 3.68922272e+02,
       2.91178619e+02, 3.95767853e+02, 2.94172150e+02, 4.24573639e+02,
       2.97249115e+02, 4.55079590e+02, 3.00507538e+02, 4.87217560e+02,
       3.03621277e+02, 2.97359100e+02, 3.10704010e+02, 3.18435852e+02,
       3.14500458e+02, 3.41184753e+02, 3.18424042e+02, 3.65829041e+02,
       3.22488190e+02, 3.92456818e+02, 3.26629120e+02, 4.20940704e+02,
       3.30875427e+02, 4.51175354e+02, 3.35265533e+02, 4.83174591e+02,
       3.39589203e+02, 2.94792908e+02, 3.38333832e+02, 3.15578735e+02,
       3.43171173e+02, 3.38154083e+02, 3.48241547e+02, 3.62564606e+02,
       3.53438293e+02, 3.88949493e+02, 3.58665894e+02, 4.17055450e+02,
       3.64058228e+02, 4.47047974e+02, 3.69378387e+02, 4.78662018e+02,
       3.74698151e+02, 2.92425079e+02, 3.65491547e+02, 3.13045898e+02,
       3.71269440e+02, 3.35152435e+02, 3.77278503e+02, 3.59505127e+02,
       3.83481415e+02, 3.85365845e+02, 3.89765808e+02, 4.13117767e+02,
       3.96154266e+02, 4.42510193e+02, 4.02628510e+02, 4.73705627e+02,
       4.08745300e+02, 2.90177734e+02, 3.91896179e+02, 3.10484528e+02,
       3.98597351e+02, 3.32405853e+02, 4.05484650e+02, 3.56324554e+02,
       4.12656921e+02, 3.81678741e+02, 4.19821167e+02, 4.08804443e+02,
       4.27209625e+02, 4.37883179e+02, 4.34277466e+02, 4.68561218e+02,
       4.41358856e+02, 2.82048981e+02, 2.56729614e+02, 3.06302185e+02,
       2.57705414e+02, 3.32169220e+02, 2.58832336e+02, 3.59704315e+02,
       2.59950562e+02, 3.88785370e+02, 2.61041656e+02, 4.19477814e+02,
       2.62276184e+02, 4.51306702e+02, 2.63312866e+02, 4.84296387e+02,
       2.64453491e+02, 2.79517059e+02, 2.85405182e+02, 3.03628448e+02,
       2.87476318e+02, 3.29571869e+02, 2.89500732e+02, 3.57060486e+02,
       2.91515076e+02, 3.86275299e+02, 2.93609375e+02, 4.16996490e+02,
       2.95540833e+02, 4.48894379e+02, 2.97513763e+02, 4.82066254e+02,
       2.99281219e+02, 2.76992004e+02, 3.14367432e+02, 3.01264954e+02,
       3.17187103e+02, 3.26883636e+02, 3.20253510e+02, 3.54479980e+02,
       3.23193115e+02, 3.83508698e+02, 3.26223572e+02, 4.14303131e+02,
       3.29016510e+02, 4.46176758e+02, 3.31684082e+02, 4.79271179e+02,
       3.34258545e+02, 2.74808136e+02, 3.42768707e+02, 2.98770416e+02,
       3.46749969e+02, 3.24405426e+02, 3.50651978e+02, 3.51742981e+02,
       3.54594116e+02, 3.80745911e+02, 3.58455139e+02, 4.11232086e+02,
       3.62091553e+02, 4.43008575e+02, 3.65490967e+02, 4.75917786e+02,
       3.68668304e+02, 2.72757202e+02, 3.70935669e+02, 2.96613312e+02,
       3.75652802e+02, 3.22029144e+02, 3.80556549e+02, 3.49140778e+02,
       3.85324829e+02, 3.77805603e+02, 3.89947052e+02, 4.08006500e+02,
       3.94399811e+02, 4.39512299e+02, 3.98544830e+02, 4.72211304e+02,
       4.02397919e+02, 2.70975128e+02, 3.98437195e+02, 2.94494904e+02,
       4.03933899e+02, 3.19717804e+02, 4.09551514e+02, 3.46482666e+02,
       4.15227753e+02, 3.74760162e+02, 4.20614105e+02, 4.04681976e+02,
       4.25736145e+02, 4.35776245e+02, 4.30560150e+02, 4.68008118e+02,
       4.35027161e+02, 2.66256592e+02, 2.49964554e+02, 2.95476929e+02,
       2.50254105e+02, 3.25530243e+02, 2.50478836e+02, 3.56252991e+02,
       2.50632233e+02, 3.87252228e+02, 2.50845551e+02, 4.18329803e+02,
       2.51128433e+02, 4.49047943e+02, 2.51369598e+02, 4.79399261e+02,
       2.51571671e+02, 2.61070740e+02, 2.74900482e+02, 2.91294312e+02,
       2.75626373e+02, 3.22375793e+02, 2.76178131e+02, 3.54127930e+02,
       2.76496368e+02, 3.86412750e+02, 2.76922241e+02, 4.18595306e+02,
