<?xml version="1.0"?>
<opencv_storage>
<CornersAmount>48</CornersAmount>
<Corner_0>
  192 403</Corner_0>
<Corner_1>
  192 409</Corner_1>
<Corner_2>
  192 417</Corner_2>
<Corner_3>
  192 423</Corner_3>
<Corner_4>
  191 430</Corner_4>
<Corner_5>
  192 438</Corner_5>
<Corner_6>
  192 448</Corner_6>
<Corner_7>
  192 458</Corner_7>
<Corner_8>
  209 402</Corner_8>
<Corner_9>
  209 409</Corner_9>
<Corner_10>
  209 416</Corner_10>
<Corner_11>
  209 422</Corner_11>
<Corner_12>
  210 430</Corner_12>
<Corner_13>
  211 439</Corner_13>
<Corner_14>
  212 447</Corner_14>
<Corner_15>
  212 456</Corner_15>
<Corner_16>
  225 401</Corner_16>
<Corner_17>
  225 408</Corner_17>
<Corner_18>
  226 415</Corner_18>
<Corner_19>
  227 421</Corner_19>
<Corner_20>
  228 430</Corner_20>
<Corner_21>
  230 437</Corner_21>
<Corner_22>
  232 446</Corner_22>
<Corner_23>
  232 455</Corner_23>
<Corner_24>
  241 401</Corner_24>
<Corner_25>
  242 407</Corner_25>
<Corner_26>
  244 414</Corner_26>
<Corner_27>
  245 420</Corner_27>
<Corner_28>
  248 427</Corner_28>
<Corner_29>
  249 436</Corner_29>
<Corner_30>
  251 444</Corner_30>
<Corner_31>
  253 452</Corner_31>
<Corner_32>
  256 400</Corner_32>
<Corner_33>
  259 406</Corner_33>
<Corner_34>
  261 412</Corner_34>
<Corner_35>
  263 419</Corner_35>
<Corner_36>
  265 426</Corner_36>
<Corner_37>
  267 434</Corner_37>
<Corner_38>
  269 441</Corner_38>
<Corner_39>
  272 452</Corner_39>
<Corner_40>
  273 397</Corner_40>
<Corner_41>
  275 405</Corner_41>
<Corner_42>
  278 411</Corner_42>
<Corner_43>
  281 419</Corner_43>
<Corner_44>
  283 424</Corner_44>
<Corner_45>
  286 432</Corner_45>
<Corner_46>
  290 440</Corner_46>
<Corner_47>
  293 450</Corner_47>
</opencv_storage>
