<?xml version="1.0"?>
<opencv_storage>
<CameraMatrix type_id="opencv-matrix">
  <rows>3</rows>
  <cols>3</cols>
  <dt>d</dt>
  <data>
    4.9036055536853939e+02 0. 3.2061610467626065e+02 0.
    4.8895007866622109e+02 2.3315972342626029e+02 0. 0. 1.</data></CameraMatrix>
<DistortionCoeffs type_id="opencv-matrix">
  <rows>5</rows>
  <cols>1</cols>
  <dt>d</dt>
  <data>
    -3.4511725948617272e-01 1.2185154430762542e-01
    9.6602090906022428e-04 4.4552553872516664e-04 0.</data></DistortionCoeffs>
</opencv_storage>
