%YAML:1.0
---
calibration_time: "Wed Feb 24 15:51:33 2021"
image_width: 644
image_height: 486
board_width: 8
board_height: 6
square_size: 115.
flags: 0
camera_matrix: !!opencv-matrix
   rows: 3
   cols: 3
   dt: d
   data: [ 4.7567042575842817e+02, 0., 3.2037497250599597e+02, 0.,
       4.7495171917586981e+02, 2.1076521796401244e+02, 0., 0., 1. ]
distortion_coefficients: !!opencv-matrix
   rows: 5
   cols: 1
   dt: d
   data: [ -3.3709480086571719e-01, 1.1359611097001854e-01,
       6.5355992062786552e-03, 1.0735518105949688e-03, 0. ]
avg_reprojection_error: 1.7418619103229659e+01
image_points: !!opencv-matrix
   rows: 30
   cols: 48
   dt: "2f"
   data: [ 2.72369812e+02, 1.44581787e+02, 2.75800415e+02,
       1.91964310e+02, 2.79912476e+02, 2.39395248e+02, 2.84030762e+02,
       2.85722534e+02, 2.87926422e+02, 3.30204315e+02, 2.92300201e+02,
       3.72155945e+02, 2.96295898e+02, 4.11070221e+02, 3.00278442e+02,
       4.46797668e+02, 2.24848022e+02, 1.47699219e+02, 2.28700241e+02,
       1.96395569e+02, 2.33039764e+02, 2.44449799e+02, 2.37952591e+02,
       2.91850128e+02, 2.43084564e+02, 3.36900970e+02, 2.48489258e+02,
       3.79645294e+02, 2.54092926e+02, 4.18908722e+02, 2.59493378e+02,
       4.54840546e+02, 1.76632385e+02, 1.51959274e+02, 1.80492172e+02,
       2.01076035e+02, 1.85161682e+02, 2.49833344e+02, 1.90716736e+02,
       2.97737244e+02, 1.97147339e+02, 3.43462463e+02, 2.03870956e+02,
       3.86336304e+02, 2.10751541e+02, 4.25816681e+02, 2.17860260e+02,
       4.62238312e+02, 1.28382401e+02, 1.56580002e+02, 1.32214325e+02,
       2.06157547e+02, 1.37357712e+02, 2.55085541e+02, 1.43567322e+02,
       3.03336029e+02, 1.50888626e+02, 3.49040131e+02, 1.58954742e+02,
       3.92129211e+02, 1.67483429e+02, 4.31894867e+02, 1.75886581e+02,
       4.68194336e+02, 8.14950485e+01, 1.62111420e+02, 8.52694397e+01,
       2.11414719e+02, 9.04933701e+01, 2.60597076e+02, 9.76265717e+01,
       3.08473572e+02, 1.05723145e+02, 3.54241150e+02, 1.14896355e+02,
       3.97239929e+02, 1.24620689e+02, 4.36773468e+02, 1.34470673e+02,
       4.73018036e+02, 3.67495422e+01, 1.67960693e+02, 4.03870697e+01,
       2.16673386e+02, 4.59151421e+01, 2.65533051e+02, 5.34171867e+01,
       3.13051605e+02, 6.23905525e+01, 3.58424561e+02, 7.23980026e+01,
       4.00990509e+02, 8.31120758e+01, 4.40331360e+02, 9.45745850e+01,
       4.76382141e+02, 3.40423828e+02, 8.92554703e+01, 3.40503296e+02,
       1.32036957e+02, 3.40556213e+02, 1.76442352e+02, 3.40658112e+02,
       2.21866592e+02, 3.40406311e+02, 2.67435272e+02, 3.39937958e+02,
       3.12474823e+02, 3.39386902e+02, 3.55688721e+02, 3.38914246e+02,
       3.96818481e+02, 2.96837433e+02, 8.59170074e+01, 2.96263214e+02,
       1.29668381e+02, 2.95948486e+02, 1.75175110e+02, 2.95769958e+02,
       2.21710388e+02, 2.95684875e+02, 2.68431793e+02, 2.95567627e+02,
       3.14414581e+02, 2.95773071e+02, 3.58590759e+02, 2.96334747e+02,
       4.00457733e+02, 2.51684906e+02, 8.35694199e+01, 2.50382050e+02,
       1.27882774e+02, 2.49416611e+02, 1.74040588e+02, 2.49225250e+02,
       2.21527222e+02, 2.49170273e+02, 2.68992523e+02, 2.49649734e+02,
       3.15667145e+02, 2.50477448e+02, 3.60717041e+02, 2.52211182e+02,
       4.03332306e+02, 2.05721359e+02, 8.22578964e+01, 2.03558716e+02,
       1.26779922e+02, 2.02331390e+02, 1.73417419e+02, 2.01521179e+02,
       2.21433563e+02, 2.01686249e+02, 2.69429871e+02, 2.02706009e+02,
       3.16618408e+02, 2.04606796e+02, 3.62300812e+02, 2.07150772e+02,
       4.05246704e+02, 1.59925003e+02, 8.19535675e+01, 1.57055817e+02,
       1.26591583e+02, 1.55139862e+02, 1.73262573e+02, 1.54178711e+02,
       2.21417267e+02, 1.54474319e+02, 2.69562744e+02, 1.56022049e+02,
       3.17321960e+02, 1.58454056e+02, 3.62779816e+02, 1.61825165e+02,
       4.05910309e+02, 1.15380386e+02, 8.24661255e+01, 1.11450508e+02,
       1.27116386e+02, 1.09020752e+02, 1.73624756e+02, 1.07888969e+02,
       2.21563400e+02, 1.08451180e+02, 2.69717651e+02, 1.10382248e+02,
       3.17037506e+02, 1.13614090e+02, 3.62495239e+02, 1.17771576e+02,
       4.05542847e+02, 7.28727417e+01, 4.54485260e+02, 6.59099045e+01,
       4.14649658e+02, 5.97102242e+01, 3.71320221e+02, 5.49616394e+01,
       3.24700775e+02, 5.17846489e+01, 2.75657135e+02, 5.07906685e+01,
       2.25017029e+02, 5.17219200e+01, 1.73927933e+02, 5.48911095e+01,
       1.23463257e+02, 1.15216522e+02, 4.58102844e+02, 1.09273758e+02,
       4.17883820e+02, 1.04214081e+02, 3.74151001e+02, 1.00154465e+02,
       3.26880096e+02, 9.76184387e+01, 2.77086823e+02, 9.68431625e+01,
       2.25405243e+02, 9.80540161e+01, 1.73414948e+02, 1.00877182e+02,
       1.22104904e+02, 1.59532120e+02, 4.60312012e+02, 1.55188416e+02,
       4.20143951e+02, 1.51188232e+02, 3.76076782e+02, 1.48269196e+02,
       3.28605743e+02, 1.46475677e+02, 2.78256226e+02, 1.46213150e+02,
       2.26018555e+02, 1.47390915e+02, 1.73277435e+02, 1.49911240e+02,
       1.21397408e+02, 2.05424454e+02, 4.61115601e+02, 2.02505096e+02,
       4.20972870e+02, 2.00133774e+02, 3.76974609e+02, 1.98413818e+02,
       3.29433624e+02, 1.97553055e+02, 2.78913361e+02, 1.97635208e+02,
       2.26608246e+02, 1.98851913e+02, 1.73749985e+02, 2.01148376e+02,
       1.21672218e+02, 2.51659729e+02, 4.60424530e+02, 2.50479523e+02,
       4.20497620e+02, 2.49638977e+02, 3.76777893e+02, 2.49343658e+02,
       3.29478027e+02, 2.49419037e+02, 2.79348999e+02, 2.50127579e+02,
       2.27251099e+02, 2.51327621e+02, 1.74820023e+02, 2.53271591e+02,
       1.23001328e+02, 2.97658539e+02, 4.58252045e+02, 2.98180176e+02,
       4.18707428e+02, 2.98819214e+02, 3.75501526e+02, 2.99680511e+02,
       3.28756500e+02, 3.00778015e+02, 2.79299927e+02, 3.01907959e+02,
       2.28048386e+02, 3.03329193e+02, 1.76301178e+02, 3.04778839e+02,
       1.25159088e+02, 2.97458801e+02, 1.12519684e+02, 3.02000824e+02,
       1.47552277e+02, 3.06690033e+02, 1.84209991e+02, 3.11860138e+02,
       2.22169250e+02, 3.16837494e+02, 2.60611877e+02, 3.21926788e+02,
       2.99504791e+02, 3.27046051e+02, 3.37845093e+02, 3.32135437e+02,
       3.75474213e+02, 2.60541382e+02, 1.15230713e+02, 2.64361053e+02,
       1.50560974e+02, 2.68602295e+02, 1.87796021e+02, 2.73269989e+02,
       2.26225998e+02, 2.78178833e+02, 2.65423889e+02, 2.83343994e+02,
       3.04832581e+02, 2.88603790e+02, 3.43724518e+02, 2.93997833e+02,
       3.81887390e+02, 2.22929413e+02, 1.18293060e+02, 2.26144257e+02,
       1.54268784e+02, 2.29750961e+02, 1.91708801e+02, 2.33965439e+02,
       2.30585297e+02, 2.38662766e+02, 2.70253082e+02, 2.43807465e+02,
       3.09937256e+02, 2.49312958e+02, 3.49407684e+02, 2.55212631e+02,
       3.87642670e+02, 1.85425278e+02, 1.22133270e+02, 1.87779495e+02,
       1.58206406e+02, 1.90773895e+02, 1.96066544e+02, 1.94557785e+02,
       2.35038773e+02, 1.99019196e+02, 2.74828308e+02, 2.04163513e+02,
       3.14779907e+02, 2.09837204e+02, 3.54447662e+02, 2.16118774e+02,
       3.92905121e+02, 1.48321106e+02, 1.26443771e+02, 1.49831329e+02,
       1.62626816e+02, 1.52320236e+02, 2.00390518e+02, 1.55583298e+02,
       2.39612610e+02, 1.59774292e+02, 2.79437500e+02, 1.64791229e+02,
       3.19401520e+02, 1.70668076e+02, 3.58816376e+02, 1.77287994e+02,
       3.97384003e+02, 1.12112350e+02, 1.31362656e+02, 1.13110573e+02,
       1.67323914e+02, 1.14841606e+02, 2.05101242e+02, 1.17648018e+02,
       2.44020523e+02, 1.21560738e+02, 2.83663513e+02, 1.26604958e+02,
       3.23460938e+02, 1.32515182e+02, 3.62749115e+02, 1.39237534e+02,
       4.01092773e+02, 2.84444031e+02, 1.14476738e+02, 2.87269989e+02,
       1.48676926e+02, 2.90370361e+02, 1.84084412e+02, 2.93750275e+02,
       2.20421326e+02, 2.97311920e+02, 2.57102936e+02, 3.00916565e+02,
       2.93848389e+02, 3.04680664e+02, 3.29920746e+02, 3.08687683e+02,
       3.64864838e+02, 2.51828140e+02, 1.20944160e+02, 2.54208008e+02,
       1.54457489e+02, 2.56881836e+02, 1.89117386e+02, 2.59979431e+02,
       2.24539413e+02, 2.63355927e+02, 2.60319244e+02, 2.66984802e+02,
