<?xml version="1.0"?>
<opencv_storage>
<CornersAmount>48</CornersAmount>
<Corner_0>
  312 317</Corner_0>
<Corner_1>
  323 320</Corner_1>
<Corner_2>
  332 322</Corner_2>
<Corner_3>
  342 326</Corner_3>
<Corner_4>
  352 330</Corner_4>
<Corner_5>
  363 333</Corner_5>
<Corner_6>
  375 337</Corner_6>
<Corner_7>
  388 340</Corner_7>
<Corner_8>
  323 312</Corner_8>
<Corner_9>
  331 316</Corner_9>
<Corner_10>
  341 320</Corner_10>
<Corner_11>
  352 323</Corner_11>
<Corner_12>
  362 326</Corner_12>
<Corner_13>
  373 330</Corner_13>
<Corner_14>
  385 331</Corner_14>
<Corner_15>
  396 336</Corner_15>
<Corner_16>
  333 311</Corner_16>
<Corner_17>
  341 314</Corner_17>
<Corner_18>
  351 316</Corner_18>
<Corner_19>
  361 319</Corner_19>
<Corner_20>
  372 323</Corner_20>
<Corner_21>
  382 325</Corner_21>
<Corner_22>
  393 329</Corner_22>
<Corner_23>
  404 332</Corner_23>
<Corner_24>
  341 307</Corner_24>
<Corner_25>
  349 310</Corner_25>
<Corner_26>
  358 312</Corner_26>
<Corner_27>
  371 316</Corner_27>
<Corner_28>
  380 319</Corner_28>
<Corner_29>
  390 322</Corner_29>
<Corner_30>
  401 324</Corner_30>
<Corner_31>
  412 328</Corner_31>
<Corner_32>
  349 305</Corner_32>
<Corner_33>
  357 307</Corner_33>
<Corner_34>
  369 309</Corner_34>
<Corner_35>
  378 313</Corner_35>
<Corner_36>
  388 316</Corner_36>
<Corner_37>
  398 317</Corner_37>
<Corner_38>
  409 322</Corner_38>
<Corner_39>
  421 323</Corner_39>
<Corner_40>
  357 301</Corner_40>
<Corner_41>
  367 304</Corner_41>
<Corner_42>
  377 309</Corner_42>
<Corner_43>
  386 310</Corner_43>
<Corner_44>
  396 312</Corner_44>
<Corner_45>
  406 315</Corner_45>
<Corner_46>
  417 318</Corner_46>
<Corner_47>
  429 321</Corner_47>
</opencv_storage>
