<?xml version="1.0"?>
<opencv_storage>
<CameraMatrix type_id="opencv-matrix">
  <rows>3</rows>
  <cols>3</cols>
  <dt>d</dt>
  <data>
    4.9136112316624479e+02 0. 3.3172215402983772e+02 0.
    4.9356691335448659e+02 2.2462790398519792e+02 0. 0. 1.</data></CameraMatrix>
<DistortionCoeffs type_id="opencv-matrix">
  <rows>5</rows>
  <cols>1</cols>
  <dt>d</dt>
  <data>
    -3.4545688017351101e-01 1.2274140104556476e-01
    -2.5677392024919290e-05 3.6900559629359695e-05 0.</data></DistortionCoeffs>
</opencv_storage>
