%YAML:1.0
---
calibration_time: "Wed Feb 24 15:45:59 2021"
image_width: 644
image_height: 486
board_width: 8
board_height: 6
square_size: 115.
flags: 0
camera_matrix: !!opencv-matrix
   rows: 3
   cols: 3
   dt: d
   data: [ 4.9214823265669605e+02, 0., 3.3091949792489152e+02, 0.,
       4.9431926540459841e+02, 2.2958697705466031e+02, 0., 0., 1. ]
distortion_coefficients: !!opencv-matrix
   rows: 5
   cols: 1
   dt: d
   data: [ -3.4719438662669871e-01, 1.2609320445092481e-01,
       -6.8190909314357062e-04, 3.5951681034733583e-04, 0. ]
avg_reprojection_error: 5.5660352619794885e+01
image_points: !!opencv-matrix
   rows: 30
   cols: 48
   dt: "2f"
   data: [ 8.86324387e+01, 1.41230042e+02, 1.33187531e+02,
       1.41914291e+02, 1.78039581e+02, 1.43273468e+02, 2.22512558e+02,
       1.45087189e+02, 2.65730469e+02, 1.47368042e+02, 3.07161896e+02,
       1.50146667e+02, 3.45892303e+02, 1.53106827e+02, 3.82210815e+02,
       1.56204025e+02, 8.61841965e+01, 1.88173004e+02, 1.31175034e+02,
       1.88579803e+02, 1.76275589e+02, 1.89263245e+02, 2.21288757e+02,
       1.90276794e+02, 2.64812164e+02, 1.91441742e+02, 3.06563446e+02,
       1.93015457e+02, 3.45718903e+02, 1.94613876e+02, 3.82225281e+02,
       1.96306473e+02, 8.53298950e+01, 2.35745605e+02, 1.30177628e+02,
       2.35959686e+02, 1.75567734e+02, 2.36190781e+02, 2.20563614e+02,
       2.36336395e+02, 2.64337860e+02, 2.36485657e+02, 3.06201935e+02,
       2.36661606e+02, 3.45469269e+02, 2.36768326e+02, 3.82058716e+02,
       2.36857880e+02, 8.60968475e+01, 2.83306274e+02, 1.30834000e+02,
       2.83231354e+02, 1.75912125e+02, 2.82774536e+02, 2.20675995e+02,
       2.82217041e+02, 2.64230591e+02, 2.81276733e+02, 3.05850861e+02,
       2.80096497e+02, 3.45025055e+02, 2.78845520e+02, 3.81520752e+02,
       2.77410797e+02, 8.85907974e+01, 3.29562836e+02, 1.32739044e+02,
       3.29227905e+02, 1.77296371e+02, 3.28364197e+02, 2.21481461e+02,
       3.26981354e+02, 2.64518951e+02, 3.24983429e+02, 3.05661621e+02,
       3.22687714e+02, 3.44452515e+02, 3.20015808e+02, 3.80540161e+02,
       3.17252899e+02, 9.23825378e+01, 3.73901459e+02, 1.35753708e+02,
       3.73288513e+02, 1.79490509e+02, 3.71855133e+02, 2.22922455e+02,
       3.69803375e+02, 2.65155884e+02, 3.67026184e+02, 3.05644470e+02,
       3.63562836e+02, 3.43728363e+02, 3.59661407e+02, 3.79548126e+02,
       3.55616241e+02, 1.80257778e+01, 1.94770432e+02, 5.76653252e+01,
       1.92418335e+02, 9.86661453e+01, 1.90146973e+02, 1.39616028e+02,
       1.88102097e+02, 1.80479279e+02, 1.86430740e+02, 2.20414978e+02,
       1.85134689e+02, 2.58470276e+02, 1.84265167e+02, 2.94823456e+02,
       1.83465988e+02, 1.94776268e+01, 2.39004654e+02, 5.95577202e+01,
       2.36324585e+02, 1.00271309e+02, 2.33708466e+02, 1.41492889e+02,
       2.31086380e+02, 1.82456116e+02, 2.28643448e+02, 2.22415695e+02,
       2.26345459e+02, 2.60773560e+02, 2.24296616e+02, 2.97142853e+02,
       2.22345596e+02, 2.29472980e+01, 2.83094910e+02, 6.25313148e+01,
       2.80380890e+02, 1.03405678e+02, 2.77408325e+02, 1.44557724e+02,
       2.74296570e+02, 1.85397964e+02, 2.71020386e+02, 2.25172623e+02,
       2.67726715e+02, 2.63420624e+02, 2.64478973e+02, 2.99674347e+02,
       2.61248535e+02, 2.79699326e+01, 3.26556915e+02, 6.73741531e+01,
       3.23666840e+02, 1.07732620e+02, 3.20552032e+02, 1.48624969e+02,
       3.16863220e+02, 1.89026367e+02, 3.12821228e+02, 2.28511276e+02,
       3.08588135e+02, 2.66323944e+02, 3.04335815e+02, 3.02352142e+02,
       2.99756073e+02, 3.44565048e+01, 3.68589935e+02, 7.36020355e+01,
       3.65602631e+02, 1.13256477e+02, 3.61934448e+02, 1.53496872e+02,
       3.57857513e+02, 1.93266251e+02, 3.53340973e+02, 2.32135605e+02,
       3.48347229e+02, 2.69441986e+02, 3.42827942e+02, 3.04758728e+02,
       3.37470520e+02, 4.21877747e+01, 4.08699585e+02, 8.06526718e+01,
       4.05691284e+02, 1.19633087e+02, 4.01719055e+02, 1.59101349e+02,
       3.97198608e+02, 1.97972900e+02, 3.91985962e+02, 2.36117905e+02,
       3.86156097e+02, 2.72492859e+02, 3.79839142e+02, 3.07532349e+02,
       3.73451630e+02, 5.90222130e+01, 2.21854248e+02, 9.84006042e+01,
       2.19338913e+02, 1.39453140e+02, 2.16864426e+02, 1.81247864e+02,
       2.14441406e+02, 2.23365982e+02, 2.12316422e+02, 2.64730530e+02,
       2.10445282e+02, 3.04901581e+02, 2.08645721e+02, 3.43424866e+02,
       2.06997894e+02, 6.14057617e+01, 2.65109283e+02, 1.00999680e+02,
       2.62794617e+02, 1.41899628e+02, 2.60389221e+02, 1.83700790e+02,
       2.57734314e+02, 2.25626648e+02, 2.55153076e+02, 2.67121338e+02,
       2.52461227e+02, 3.07195129e+02, 2.49854630e+02, 3.45636963e+02,
       2.47254669e+02, 6.54741821e+01, 3.07622803e+02, 1.04728333e+02,
       3.05617615e+02, 1.45458740e+02, 3.03306915e+02, 1.86929031e+02,
       3.00570435e+02, 2.28510208e+02, 2.97464294e+02, 2.69757904e+02,
       2.94231598e+02, 3.09475586e+02, 2.90677795e+02, 3.47761536e+02,
       2.87135162e+02, 7.08094788e+01, 3.49242157e+02, 1.09854698e+02,
       3.47431458e+02, 1.49960999e+02, 3.45098663e+02, 1.91040405e+02,
       3.42113220e+02, 2.32127289e+02, 3.38782806e+02, 2.72602844e+02,
       3.34898926e+02, 3.12022095e+02, 3.30563416e+02, 3.49665100e+02,
       3.26166260e+02, 7.73998032e+01, 3.88807312e+02, 1.15677704e+02,
       3.87286865e+02, 1.55359253e+02, 3.84949524e+02, 1.95663956e+02,
       3.81926239e+02, 2.36030670e+02, 3.78180725e+02, 2.75807587e+02,
       3.73647217e+02, 3.14415649e+02, 3.68689117e+02, 3.51350769e+02,
       3.63556549e+02, 8.47042160e+01, 4.26394257e+02, 1.22740173e+02,
       4.24833588e+02, 1.61346207e+02, 4.22760345e+02, 2.00561981e+02,
       4.19678497e+02, 2.39909500e+02, 4.15568390e+02, 2.78955811e+02,
       4.10734314e+02, 3.16702332e+02, 4.05057220e+02, 3.52844055e+02,
       3.99060547e+02, 4.42244339e+01, 2.27609146e+02, 8.41016617e+01,
       2.22579819e+02, 1.24047165e+02, 2.17628891e+02, 1.63556549e+02,
       2.12988525e+02, 2.01967941e+02, 2.08564453e+02, 2.38779877e+02,
       2.04727463e+02, 2.73642365e+02, 2.01277054e+02, 3.06366455e+02,
       1.98102737e+02, 4.95500336e+01, 2.71134918e+02, 8.94972305e+01,
       2.65403442e+02, 1.29384354e+02, 2.59701477e+02, 1.68792145e+02,
       2.54239395e+02, 2.07213821e+02, 2.48812775e+02, 2.44039886e+02,
       2.43654343e+02, 2.78780762e+02, 2.38948792e+02, 3.11447968e+02,
       2.34382141e+02, 5.63245049e+01, 3.14287140e+02, 9.60205917e+01,
       3.08124695e+02, 1.35868179e+02, 3.01651276e+02, 1.74996979e+02,
       2.95316742e+02, 2.13107742e+02, 2.88884918e+02, 2.49609039e+02,
       2.82600281e+02, 2.84197327e+02, 2.76580688e+02, 3.16532471e+02,
       2.70712341e+02, 6.46395569e+01, 3.56437958e+02, 1.03959427e+02,
       3.49822052e+02, 1.43213150e+02, 3.42864807e+02, 1.81904999e+02,
       3.35640289e+02, 2.19512436e+02, 3.28366150e+02, 2.55564667e+02,
       3.20949371e+02, 2.89601379e+02, 3.13629883e+02, 3.21674622e+02,
       3.06608307e+02, 7.42435532e+01, 3.96889130e+02, 1.12753578e+02,
       3.89976959e+02, 1.51338043e+02, 3.82459167e+02, 1.89318588e+02,
       3.74584229e+02, 2.26236206e+02, 3.66400635e+02, 2.61628113e+02,
       3.58021149e+02, 2.95163361e+02, 3.49708649e+02, 3.26457886e+02,
       3.41542389e+02, 8.45250778e+01, 4.35344635e+02, 1.22329430e+02,
       4.28158661e+02, 1.59936340e+02, 4.20188568e+02, 1.97161133e+02,
       4.11727356e+02, 2.33256439e+02, 4.02762421e+02, 2.67808960e+02,
       3.93479614e+02, 3.00527893e+02, 3.84369873e+02, 3.31402832e+02,
       3.75245178e+02, 2.57475967e+01, 2.67234924e+02, 6.19507027e+01,
       2.59183228e+02, 9.81634140e+01, 2.51397766e+02, 1.34216507e+02,
       2.43799881e+02, 1.69392960e+02, 2.36616348e+02, 2.03532394e+02,
       2.29780869e+02, 2.36029617e+02, 2.23534698e+02, 2.66879456e+02,
       2.17590637e+02, 3.37297020e+01, 3.05850281e+02, 7.05507507e+01,
       2.97339172e+02, 1.07461861e+02, 2.88732300e+02, 1.43966385e+02,
       2.80328766e+02, 1.79720200e+02, 2.72021210e+02, 2.14205734e+02,
