<?xml version="1.0"?>
<opencv_storage>
<CornersAmount>48</CornersAmount>
<Corner_0>
  231 351</Corner_0>
<Corner_1>
  241 346</Corner_1>
<Corner_2>
  252 344</Corner_2>
<Corner_3>
  260 341</Corner_3>
<Corner_4>
  271 339</Corner_4>
<Corner_5>
  280 335</Corner_5>
<Corner_6>
  289 333</Corner_6>
<Corner_7>
  297 331</Corner_7>
<Corner_8>
  240 352</Corner_8>
<Corner_9>
  250 350</Corner_9>
<Corner_10>
  260 346</Corner_10>
<Corner_11>
  269 344</Corner_11>
<Corner_12>
  279 341</Corner_12>
<Corner_13>
  289 338</Corner_13>
<Corner_14>
  297 334</Corner_14>
<Corner_15>
  305 333</Corner_15>
<Corner_16>
  248 356</Corner_16>
<Corner_17>
  259 353</Corner_17>
<Corner_18>
  270 350</Corner_18>
<Corner_19>
  279 347</Corner_19>
<Corner_20>
  288 344</Corner_20>
<Corner_21>
  297 341</Corner_21>
<Corner_22>
  305 340</Corner_22>
<Corner_23>
  315 335</Corner_23>
<Corner_24>
  256 360</Corner_24>
<Corner_25>
  267 355</Corner_25>
<Corner_26>
  278 353</Corner_26>
<Corner_27>
  287 350</Corner_27>
<Corner_28>
  297 347</Corner_28>
<Corner_29>
  305 343</Corner_29>
<Corner_30>
  316 341</Corner_30>
<Corner_31>
  323 339</Corner_31>
<Corner_32>
  268 363</Corner_32>
<Corner_33>
  279 361</Corner_33>
<Corner_34>
  287 355</Corner_34>
<Corner_35>
  297 352</Corner_35>
<Corner_36>
  307 349</Corner_36>
<Corner_37>
  316 346</Corner_37>
<Corner_38>
  324 343</Corner_38>
<Corner_39>
  334 341</Corner_39>
<Corner_40>
  277 368</Corner_40>
<Corner_41>
  288 362</Corner_41>
<Corner_42>
  298 360</Corner_42>
<Corner_43>
  306 356</Corner_43>
<Corner_44>
  317 352</Corner_44>
<Corner_45>
  326 349</Corner_45>
<Corner_46>
  335 345</Corner_46>
<Corner_47>
  343 343</Corner_47>
</opencv_storage>
