<?xml version="1.0"?>
<opencv_storage>
<CameraMatrix type_id="opencv-matrix">
  <rows>3</rows>
  <cols>3</cols>
  <dt>d</dt>
  <data>
    4.9154072514389736e+02 0. 3.4479314960884471e+02 0.
    4.9442982032704975e+02 2.4468286465365202e+02 0. 0. 1.</data></CameraMatrix>
<DistortionCoeffs type_id="opencv-matrix">
  <rows>5</rows>
  <cols>1</cols>
  <dt>d</dt>
  <data>
    -3.4471680585142228e-01 1.2309684420847535e-01
    -1.1360784503154815e-03 -4.7342160239280975e-04 0.</data></DistortionCoeffs>
</opencv_storage>
