%YAML:1.0
---
calibration_time: "Wed Feb 24 15:52:52 2021"
image_width: 644
image_height: 486
board_width: 8
board_height: 6
square_size: 115.
flags: 0
camera_matrix: !!opencv-matrix
   rows: 3
   cols: 3
   dt: d
   data: [ 4.9235366263851239e+02, 0., 3.4060174398806930e+02, 0.,
       4.9492639130894008e+02, 2.3687465905274448e+02, 0., 0., 1. ]
distortion_coefficients: !!opencv-matrix
   rows: 5
   cols: 1
   dt: d
   data: [ -3.4819047755508986e-01, 1.2624025342924428e-01,
       -3.9682058780579453e-04, 2.2361701336680705e-05, 0. ]
avg_reprojection_error: 2.6714758338051581e+01
image_points: !!opencv-matrix
   rows: 30
   cols: 48
   dt: "2f"
   data: [ 5.24661865e+01, 2.02125290e+02, 9.28646317e+01,
       2.00419540e+02, 1.33569809e+02, 1.98781723e+02, 1.74132736e+02,
       1.97422226e+02, 2.13651794e+02, 1.96444565e+02, 2.51793259e+02,
       1.95699097e+02, 2.87977478e+02, 1.95254974e+02, 3.22005707e+02,
       1.94956696e+02, 5.42569847e+01, 2.45489365e+02, 9.42326889e+01,
       2.43400513e+02, 1.34606216e+02, 2.41354584e+02, 1.74735596e+02,
       2.39276062e+02, 2.13937943e+02, 2.37291962e+02, 2.51803940e+02,
       2.35457245e+02, 2.87713104e+02, 2.33786163e+02, 3.21567780e+02,
       2.32216125e+02, 5.74942436e+01, 2.88008850e+02, 9.69311218e+01,
       2.85565125e+02, 1.36704041e+02, 2.83055389e+02, 1.76224045e+02,
       2.80315186e+02, 2.14837158e+02, 2.77366180e+02, 2.52255417e+02,
       2.74569092e+02, 2.87726593e+02, 2.71608093e+02, 3.21247345e+02,
       2.68791626e+02, 6.20597954e+01, 3.28804565e+02, 1.00688614e+02,
       3.26134888e+02, 1.39671005e+02, 3.23120239e+02, 1.78397690e+02,
       3.19633606e+02, 2.16319534e+02, 3.16057404e+02, 2.52999390e+02,
       3.12271515e+02, 2.87816833e+02, 3.08305481e+02, 3.20761505e+02,
       3.04325012e+02, 6.76807709e+01, 3.67326080e+02, 1.05439117e+02,
       3.64531525e+02, 1.43413544e+02, 3.61037659e+02, 1.81274841e+02,
       3.57173676e+02, 2.18191833e+02, 3.52755707e+02, 2.53932175e+02,
       3.48125519e+02, 2.88206207e+02, 3.43320618e+02, 3.20431885e+02,
       3.38365906e+02, 7.42210846e+01, 4.03455811e+02, 1.10858688e+02,
       4.00387054e+02, 1.47726624e+02, 3.96620087e+02, 1.84497345e+02,
       3.92291901e+02, 2.20430939e+02, 3.87408966e+02, 2.55320724e+02,
       3.81962128e+02, 2.88545166e+02, 3.76382050e+02, 3.20129089e+02,
       3.70598999e+02, 5.02896767e+01, 2.01644241e+02, 9.01137924e+01,
       1.99162292e+02, 1.30443390e+02, 1.96985550e+02, 1.70909103e+02,
       1.95003098e+02, 2.10569733e+02, 1.93361450e+02, 2.49167068e+02,
       1.92471497e+02, 2.85853668e+02, 1.91429062e+02, 3.20656464e+02,
       1.90789108e+02, 5.20136375e+01, 2.44769165e+02, 9.18824387e+01,
       2.42190613e+02, 1.32409805e+02, 2.39595245e+02, 1.72875839e+02,
       2.37012421e+02, 2.12659668e+02, 2.34522476e+02, 2.51365936e+02,
       2.32309723e+02, 2.88026398e+02, 2.30359177e+02, 3.22787811e+02,
       2.28306671e+02, 5.55295563e+01, 2.88224030e+02, 9.52418747e+01,
       2.85253632e+02, 1.35521866e+02, 2.82161591e+02, 1.75745087e+02,
       2.78989624e+02, 2.15404785e+02, 2.75581055e+02, 2.53784225e+02,
       2.72450317e+02, 2.90478455e+02, 2.69128967e+02, 3.25134460e+02,
       2.65864105e+02, 6.03704224e+01, 3.30615997e+02, 9.96717453e+01,
       3.27468414e+02, 1.39605911e+02, 3.24054504e+02, 1.79501389e+02,
       3.20274872e+02, 2.18657990e+02, 3.16131256e+02, 2.56699341e+02,
       3.11859070e+02, 2.92985748e+02, 3.07480133e+02, 3.27330872e+02,
       3.03181152e+02, 6.66626205e+01, 3.71456360e+02, 1.05427803e+02,
       3.68322479e+02, 1.44647507e+02, 3.64483795e+02, 1.83838943e+02,
       3.60109741e+02, 2.22501328e+02, 3.55295380e+02, 2.59877319e+02,
       3.50347229e+02, 2.95628632e+02, 3.44922363e+02, 3.29455658e+02,
       3.39631378e+02, 7.39289474e+01, 4.10452179e+02, 1.12030670e+02,
       4.06993195e+02, 1.50449295e+02, 4.03219971e+02, 1.88850235e+02,
       3.98335297e+02, 2.26600876e+02, 3.92903870e+02, 2.63408203e+02,
       3.86923981e+02, 2.98372498e+02, 3.80748383e+02, 3.31532166e+02,
       3.74413116e+02, 2.78061962e+01, 2.00281601e+02, 6.57614670e+01,
       1.98713409e+02, 1.03664345e+02, 1.97255295e+02, 1.41267776e+02,
       1.96318970e+02, 1.78478958e+02, 1.95577988e+02, 2.14142883e+02,
       1.95037292e+02, 2.48158173e+02, 1.94807022e+02, 2.80384583e+02,
       1.94778061e+02, 2.85389671e+01, 2.41146515e+02, 6.71066208e+01,
       2.38979309e+02, 1.05759453e+02, 2.37062927e+02, 1.44234146e+02,
       2.35171890e+02, 1.81747223e+02, 2.33333572e+02, 2.18138397e+02,
       2.31912582e+02, 2.52640045e+02, 2.30518311e+02, 2.85176483e+02,
       2.29174591e+02, 3.06097717e+01, 2.83283844e+02, 6.97444229e+01,
       2.80785858e+02, 1.09063812e+02, 2.78007080e+02, 1.47921143e+02,
       2.75365906e+02, 1.86057419e+02, 2.72690735e+02, 2.22647232e+02,
       2.69840851e+02, 2.57549286e+02, 2.67253448e+02, 2.90363007e+02,
       2.64697479e+02, 3.46435890e+01, 3.26447937e+02, 7.39676437e+01,
       3.23306396e+02, 1.13590477e+02, 3.19845093e+02, 1.52825912e+02,
       3.16372559e+02, 1.91006622e+02, 3.12532349e+02, 2.27954666e+02,
       3.08538361e+02, 2.62855316e+02, 3.04585541e+02, 2.95785828e+02,
       3.00754272e+02, 4.03345413e+01, 3.69465057e+02, 7.96973343e+01,
       3.65864563e+02, 1.19335655e+02, 3.61790649e+02, 1.58670349e+02,
       3.57290833e+02, 1.96822525e+02, 3.52431824e+02, 2.33686905e+02,
       3.47297791e+02, 2.68617065e+02, 3.42149292e+02, 3.01459015e+02,
       3.36815338e+02, 4.75680885e+01, 4.11899963e+02, 8.68764725e+01,
       4.07757080e+02, 1.26334320e+02, 4.03127502e+02, 1.65367264e+02,
       3.97659302e+02, 2.03386932e+02, 3.91898132e+02, 2.39811737e+02,
       3.85547272e+02, 2.74533081e+02, 3.79138245e+02, 3.07070831e+02,
       3.72596466e+02, 3.08465332e+02, 1.79616241e+02, 3.44635284e+02,
       1.77028152e+02, 3.81817596e+02, 1.74710846e+02, 4.19645782e+02,
       1.72587631e+02, 4.57407135e+02, 1.70799667e+02, 4.94717499e+02,
       1.69421112e+02, 5.31260620e+02, 1.68403076e+02, 5.65589722e+02,
       1.67431610e+02, 3.07611267e+02, 2.15098022e+02, 3.44557251e+02,
       2.12999039e+02, 3.82593170e+02, 2.10945953e+02, 4.21329559e+02,
       2.09054092e+02, 4.60125000e+02, 2.07367813e+02, 4.98454742e+02,
       2.05868225e+02, 5.35593750e+02, 2.04644989e+02, 5.71498352e+02,
       2.03490540e+02, 3.06752838e+02, 2.52246201e+02, 3.44436798e+02,
       2.50693649e+02, 3.83356293e+02, 2.49109894e+02, 4.22708954e+02,
       2.47497101e+02, 4.62356842e+02, 2.45848618e+02, 5.01458374e+02,
       2.44263138e+02, 5.39393127e+02, 2.42710007e+02, 5.75755188e+02,
       2.41127472e+02, 3.06153473e+02, 2.90522278e+02, 3.44337006e+02,
       2.89609314e+02, 3.83776733e+02, 2.88594818e+02, 4.23891327e+02,
       2.87324188e+02, 4.64122772e+02, 2.85699982e+02, 5.03802460e+02,
       2.83956757e+02, 5.42259766e+02, 2.82138245e+02, 5.79234924e+02,
       2.80119720e+02, 3.05746307e+02, 3.29431641e+02, 3.44265045e+02,
       3.29369171e+02, 3.84114807e+02, 3.28898193e+02, 4.24588898e+02,
       3.27877747e+02, 4.65297455e+02, 3.26531555e+02, 5.05369141e+02,
       3.24652863e+02, 5.44331726e+02, 3.22406311e+02, 5.81524597e+02,
       3.19795105e+02, 3.05512482e+02, 3.68632874e+02, 3.44214783e+02,
       3.69205627e+02, 3.84231293e+02, 3.69200592e+02, 4.24992432e+02,
       3.68726868e+02, 4.65792694e+02, 3.67443573e+02, 5.06189545e+02,
       3.65451935e+02, 5.45272217e+02, 3.62959076e+02, 5.82697693e+02,
       3.59849213e+02, 2.97249603e+02, 1.71365616e+02, 3.35816833e+02,
       1.69243500e+02, 3.75233978e+02, 1.67493896e+02, 4.15266724e+02,
       1.66036789e+02, 4.54635437e+02, 1.64940186e+02, 4.93602203e+02,
       1.64572083e+02, 5.31193115e+02, 1.64388092e+02, 5.66891724e+02,
       1.64462662e+02, 2.96808350e+02, 2.09601791e+02, 3.36082794e+02,
       2.08016541e+02, 3.76133972e+02, 2.06698135e+02, 4.16759430e+02,
       2.05302185e+02, 4.56931549e+02, 2.04305771e+02, 4.96620667e+02,
